Scatterer_ocean
{
	Ocean
	{
		name = Serenity
		AMP = 1.12
		m_windSpeed = 1.20000005
		m_omega = 0.104999997
		m_gravity = 11.8900003
		maxWaveInteractionShipAltitude = 500
		m_whiteCapStr = 0.200000003
		shoreFoam = 1
		m_farWhiteCapStr = 0.200000003
		m_oceanUpwellingColor = 0.0599999987,0.075000003,0.0700000003
		m_UnderwaterColor = 0.5,0.449999988,0.529999971
		offScreenVertexStretch = 1.25
		alphaRadius = 1000
		transparencyDepth = 10
		darknessDepth = 1000
		refractionIndex = 1.33000004
		skyReflectionStrength = 1
		causticsTexturePath = OR/Scatterer_Configs/config/Planets/Caustics.png
		causticsLayer1Scale = 0.200000003,0.200000003
		causticsLayer1Speed = 0.0612000003,-0.151199996
		causticsLayer2Scale = 0.277099997,0.267100006
		causticsLayer2Speed = -0.0748699978,0.174869999
		causticsMultiply = 1
		causticsUnderwaterLightBoost = 2
		causticsMinBrightness = 0.5
		causticsBlurDepth = 200
		lightRaysStrength = 1
	}
}
