Scatterer_ocean
{
	Ocean
	{
		name = Abyss
		AMP = 10
		m_windSpeed = 7.5
		m_omega = 0.200000003
		m_gravity = 8.93000031
		maxWaveInteractionShipAltitude = 500
		m_whiteCapStr = 1.47000003
		shoreFoam = 1
		m_farWhiteCapStr = 0.469999999
		m_oceanUpwellingColor = 0.00100000005,0.100000001,0.100000001
		m_UnderwaterColor = 0.200000003,0.5,0.349999994
		offScreenVertexStretch = 2.0250001
		alphaRadius = 1000
		transparencyDepth = 100
		darknessDepth = 800
		refractionIndex = 1.33000004
		skyReflectionStrength = 1
		causticsTexturePath = OR/Scatterer_Configs/config/Planets/Caustics.png
		causticsLayer1Scale = 0.200000003,0.200000003
		causticsLayer1Speed = 0.0612000003,-0.151199996
		causticsLayer2Scale = 0.277099997,0.267100006
		causticsLayer2Speed = -0.0748699978,0.174869999
		causticsMultiply = 1
		causticsUnderwaterLightBoost = 2
		causticsMinBrightness = 0.5
		causticsBlurDepth = 200
		lightRaysStrength = 1
	}
}
