Scatterer_ocean
{
	Ocean
	{
		name = Scourge
		AMP = 1.20000005
		m_windSpeed = 10
		m_omega = 0.839999974
		m_gravity = 6.5
		maxWaveInteractionShipAltitude = 500
		m_whiteCapStr = 0
		shoreFoam = 0
		m_farWhiteCapStr = 0
		m_oceanUpwellingColor = 0.00999999978,0.00999999978,0.00999999978
		m_UnderwaterColor = 0.100000001,0.100000001,0.100000001
		offScreenVertexStretch = 1.25
		alphaRadius = 0
		transparencyDepth = 1
		darknessDepth = 10
		refractionIndex = 0
		skyReflectionStrength = 0
		causticsTexturePath = OR/Scatterer_Configs/config/Planets/Caustics.png
		causticsLayer1Scale = 0.200000003,0.200000003
		causticsLayer1Speed = 0.0612000003,-0.151199996
		causticsLayer2Scale = 0.277099997,0.267100006
		causticsLayer2Speed = -0.0748699978,0.174869999
		causticsMultiply = 1
		causticsUnderwaterLightBoost = 0
		causticsMinBrightness = 0.5
		causticsBlurDepth = 200
		lightRaysStrength = 0
	}
}
